707940944
706856005
707263530
706982102
707576536
707380569
707129397
707129397
707471029
707498686
707655773
707945882
707634014
706999818
707767658
5553256
1647996
707917422
707486003
707910661
707860229
707788106
707749069
707483320
707920462
5537449
707919373
707717507
707488731
4676039
707938686
707791746
707945204
707913520
707548595
3472816
1109057
707950774
5289816
707932096
706980777
707370119
4798458
5928556
707921539
707602935
707451073
706856005
707934914
707896724
707923298
707915919
5808563
707942484
254484
5854210
707939823
6267523
707686839
707908942
707943882
5986033
5808563
3799361
5758087
3799361
707751734
707896640
707912282
707547965
707615912
707912691
707525478
5273850
707711237
707914950
707137622
707137622
707950737
5141414
707932651
707920462
707412113
707282261
707747282
706991222
707647863
707945024
706980314
4743526